23 30 10
77 11
1
2
3
4
7
10
11
20
21
22
23
78 12
1
2
3
5
6
7
8
10
11
12
13
23
87 18
1
2
3
4
6
7
8
9
10
12
13
15
16
17
18
19
20
22
41 9
1
6
9
10
11
13
14
15
22
81 9
3
5
6
7
13
14
15
17
22
77 16
2
3
6
9
10
11
12
13
14
15
17
18
19
20
21
22
92 14
1
3
4
5
6
7
8
10
12
13
19
21
22
23
174 18
1
2
3
4
5
6
7
9
10
12
13
14
16
17
18
19
20
23
34 7
1
2
4
5
11
18
22
22 10
2
4
7
8
9
11
18
19
20
21
113 22
1
2
3
4
6
7
8
9
10
11
12
13
14
15
16
17
18
19
20
21
22
23
147 19
1
2
3
5
6
7
8
9
10
11
12
13
14
16
17
18
19
21
23
50 9
3
8
9
10
12
14
15
19
21
42 12
2
3
4
5
7
8
11
14
18
19
21
22
22 13
2
3
4
6
7
10
11
12
16
17
20
21
23
128 20
1
2
3
5
6
7
8
9
10
11
12
13
14
15
16
17
18
19
20
23
183 23
1
2
3
4
5
6
7
8
9
10
11
12
13
14
15
16
17
18
19
20
21
22
23
136 14
2
4
5
7
8
11
13
14
17
18
20
21
22
23
59 7
2
4
8
9
12
16
18
78 9
1
3
4
5
6
9
18
19
23
85 15
1
3
4
5
6
7
8
9
11
13
14
17
18
20
21
37 7
1
5
9
10
15
17
23
27 3
1
5
23
93 13
1
2
4
8
9
10
11
13
14
15
18
20
22
15 12
1
3
4
7
9
10
18
19
20
21
22
23
205 22
1
2
3
4
5
6
8
9
10
11
12
13
14
15
16
17
18
19
20
21
22
23
91 21
1
2
3
4
5
6
8
9
10
11
12
13
14
15
16
17
18
19
21
22
23
93 10
3
6
10
12
13
16
17
18
21
23
15 19
1
3
4
5
6
7
8
9
11
12
13
15
16
17
18
19
20
22
23
58 6
3
4
8
9
13
18
