25 75 30
86 11
1
4
6
11
12
13
14
17
19
21
23
36 14
2
3
4
5
7
10
11
12
13
14
15
16
19
24
10 1
23
43 9
1
3
6
9
15
16
18
19
25
16 8
7
8
13
14
17
19
21
22
180 18
1
2
3
6
7
9
10
11
12
13
15
16
17
19
20
22
23
25
70 15
1
3
4
6
7
8
10
11
17
18
19
20
22
24
25
100 12
1
4
5
9
13
14
17
18
20
22
24
25
58 7
7
8
10
16
19
24
25
16 4
19
18
11
7
219 25
1
2
3
4
5
6
7
8
9
10
11
12
13
14
15
16
17
18
19
20
21
22
23
24
25
25 20
1
2
4
5
6
7
8
9
10
11
13
14
15
16
17
18
19
21
23
25
10 1
2
155 24
1
3
4
5
6
7
8
9
10
11
12
13
14
15
16
17
18
19
20
21
22
23
24
25
32 8
1
5
9
13
17
22
24
25
16 4
16
9
18
25
48 7
2
8
12
17
21
22
23
54 20
2
3
4
5
6
7
8
10
11
12
13
14
16
17
18
19
20
22
24
25
23 3
9
12
22
22 6
3
6
8
14
17
18
10 1
14
17 21
1
2
5
6
7
8
11
12
13
14
15
16
17
18
19
20
21
22
23
24
25
34 5
1
2
12
16
25
12 6
1
5
8
15
16
19
10 4
16
8
19
6
10 3
1
13
22
11 2
4
6
99 10
2
5
9
10
11
17
18
20
22
25
10 1
22
103 24
1
2
3
4
5
6
7
8
9
10
11
12
13
14
15
17
18
19
20
21
22
23
24
25
149 20
1
2
3
4
5
7
8
9
11
12
13
15
16
17
20
21
22
23
24
25
39 23
1
2
5
6
7
8
9
10
11
12
13
14
15
16
17
18
19
20
21
22
23
24
25
113 18
1
2
3
5
6
7
8
9
10
14
15
16
17
19
22
23
24
25
37 25
1
2
3
4
5
6
7
8
9
10
11
12
13
14
15
16
17
18
19
20
21
22
23
24
25
114 14
6
7
8
10
12
13
14
16
18
20
21
22
23
24
183 20
1
2
3
4
5
6
8
9
10
11
12
13
14
15
16
17
18
20
23
25
25 18
1
4
5
6
7
8
11
12
13
14
16
19
20
21
22
23
24
25
29 4
12
4
13
23
67 7
12
13
16
17
19
23
25
9 1
11
34 25
1
2
3
4
5
6
7
8
9
10
11
12
13
14
15
16
17
18
19
20
21
22
23
24
25
201 21
1
2
3
5
6
7
8
9
10
11
12
14
15
16
17
18
19
20
21
24
25
107 15
1
2
3
4
5
8
10
13
14
15
19
20
23
24
25
29 12
2
4
6
7
9
10
16
18
20
22
23
25
105 22
1
2
3
4
5
6
7
8
11
12
13
14
16
17
18
19
20
21
22
23
24
25
176 21
1
2
3
4
5
6
7
8
9
10
11
12
13
15
17
18
21
22
23
24
25
37 7
4
10
14
17
18
21
25
25 23
1
2
3
4
5
6
7
9
10
11
12
13
14
15
16
17
18
19
20
21
23
24
25
96 14
1
2
4
8
10
11
12
14
15
17
20
22
23
24
77 19
3
5
6
7
8
9
10
11
12
14
15
16
18
19
20
21
22
24
25
12 12
2
3
6
8
9
11
14
15
16
18
23
25
10 1
4
30 3
5
14
22
49 14
2
3
4
8
10
11
13
15
16
17
19
20
22
24
66 23
1
2
3
5
6
7
8
9
10
11
12
13
14
15
16
18
19
20
21
22
23
24
25
46 5
2
7
22
23
24
10 10
4
7
8
12
14
15
16
17
22
23
190 20
1
3
4
5
6
7
8
9
10
11
13
14
15
17
19
20
21
22
23
24
38 5
3
7
14
17
19
97 12
1
2
8
9
10
12
13
15
17
20
24
25
9 1
11
100 13
4
5
9
11
13
14
15
16
17
20
21
23
24
60 6
2
4
7
16
23
25
16 8
1
12
14
16
17
19
21
24
70 17
2
4
5
6
7
8
9
10
11
12
13
14
16
17
22
23
24
50 20
1
2
3
5
6
7
8
10
11
12
13
14
17
18
19
20
21
22
24
25
13 2
1
5
110 11
2
3
6
8
10
15
16
17
20
21
25
98 10
4
8
10
16
18
19
20
21
22
23
99 10
1
3
4
5
9
17
18
20
23
24
10 3
4
5
15
124 16
2
3
4
5
8
9
11
12
16
17
18
19
20
21
22
25
10 2
19
15
29 5
3
4
11
16
17
17 17
1
2
6
7
8
9
10
11
12
13
14
15
17
18
20
21
25
